[1,  2000] loss: 1.008[1,  4000] loss: 1.020[1,  6000] loss: 1.024[1,  8000] loss: 1.037[1, 10000] loss: 1.053[1, 12000] loss: 1.034[2,  2000] loss: 0.950[2,  4000] loss: 0.971[2,  6000] loss: 0.997[2,  8000] loss: 0.991[2, 10000] loss: 0.984[2, 12000] loss: 1.009[1,  2000] loss: 0.906 
[1,  4000] loss: 0.928 
[1,  6000] loss: 0.946 
[1,  8000] loss: 0.962 
[1, 10000] loss: 0.975 
[1, 12000] loss: 0.969 
[2,  2000] loss: 0.876 
[2,  4000] loss: 0.896 
[2,  6000] loss: 0.909 
[2,  8000] loss: 0.909 
[2, 10000] loss: 0.936 
[2, 12000] loss: 0.938 
