[1,  2000] loss: 2.205 
[1,  4000] loss: 1.846 
[1,  6000] loss: 1.666 
[1,  8000] loss: 1.614 
[1, 10000] loss: 1.551 
[1, 12000] loss: 1.480 
[2,  2000] loss: 1.424 
[2,  4000] loss: 1.416 
[2,  6000] loss: 1.384 
[2,  8000] loss: 1.371 
[2, 10000] loss: 1.335 
[2, 12000] loss: 1.297 
[1,  2000] loss: 2.246 
[1,  4000] loss: 1.893 
[1,  6000] loss: 1.670 
[1,  8000] loss: 1.559 
[1, 10000] loss: 1.493 
[1, 12000] loss: 1.430 
[2,  2000] loss: 1.345 
[2,  4000] loss: 1.346 
[2,  6000] loss: 1.300 
[2,  8000] loss: 1.268 
[2, 10000] loss: 1.249 
[2, 12000] loss: 1.233 
